16
166 455
205 455
205 445
215 445
215 432
209 432
209 428
202 428
202 423
168 423
168 428
162 428
162 432
156 432
156 445
166 445
16
286 455
325 455
325 445
335 445
335 432
329 432
329 428
322 428
322 423
288 423
288 428
282 428
282 432
276 432
276 445
286 445
7
207 466
207 476
222 476
226 480
230 476
234 476
234 466
7
258 466
258 476
262 476
265 480
269 476
285 476
285 466
4
292 412
311 412
311 397
291 397
4
266 328
266 344
309 344
309 328
4
196 328
239 328
239 344
196 344
14
321 322
334 322
334 326
412 326
412 326
412 344
391 342
391 346
383 346
383 346
383 341
334 341
334 345
321 345